verb		list	atpdwnv	ttpupv	tbdwnv	abupv	allacrh	tlracrh	trlacrh	arracrh		upwrd	dwnwrd	vert	left	right	horiz	toward	away
abandon		2	1.19	1.31	0.78	0.13	0.69	1.00	1.34	1.06		1.44	1.97	3.41	2.03	2.06	4.09	4.44	3.06
abduct		3	0.87	1.27	0.23	0.73	1.20	0.90	1.07	1.43		2.00	1.10	3.10	2.27	2.33	4.60	3.47	4.23
accept		3	0.47	1.20	0.47	0.37	0.73	1.63	1.73	0.77	 	1.57	0.93	2.50	2.47	2.40	4.87	5.03	2.33
acquire		3	0.83	1.17	0.47	0.53	1.13	1.50	1.33	0.90	 	1.70	1.30	3.00	2.47	2.40	4.87	4.47	3.40
admire		3	0.53	0.00	0.00	3.20	1.80	0.10	0.00	1.23		3.20	0.53	3.73	1.80	1.33	3.13	0.10	6.77
adopt		2	1.09	1.09	0.44	0.59	1.34	0.97	1.06	1.31		1.69	1.53	3.22	2.41	2.28	4.69	3.56	4.34
advance		2	0.25	1.13	0.00	1.56	2.63	0.16	0.97	0.72		2.69	0.25	2.94	3.59	0.88	4.47	2.25	5.16
alarm		1	1.67	0.60	0.00	1.50	1.20	0.27	0.13	1.07		2.10	1.67	3.77	1.33	1.33	2.67	1.00	5.43
alienate	1	1.17	0.23	0.80	0.60	1.43	0.73	0.90	1.63		0.83	1.97	2.80	2.33	2.37	4.70	2.67	4.83
allow		1	0.60	0.73	0.43	0.63	1.17	1.40	1.03	0.77		1.37	1.03	2.40	2.20	2.17	4.37	3.60	3.17
amuse		1	0.37	0.60	0.27	1.37	1.87	0.37	0.27	1.30		1.97	0.63	2.60	2.13	1.67	3.80	1.50	4.90
annoy		2	1.47	0.25	0.56	1.19	2.28	0.25	0.59	1.63		1.44	2.03	3.47	2.88	1.88	4.75	1.66	6.56
argue		1	0.63	0.00	0.00	0.33	2.83	0.60	0.70	2.70		0.33	0.63	0.97	3.53	3.30	6.83	1.30	6.50
arise		add	0.33	3.17	0.08	3.17	0.42	0.17	0.17	0.25		6.33	0.42	6.75	0.58	0.42	1.00	3.58	4.17
arrive		3	1.83	0.00	0.00	1.59	3.31	0.10	0.00	1.79		1.59	1.83	3.41	3.31	1.90	5.21	0.10	8.52
arrives		2	0.19	1.53	1.41	0.25	0.94	0.66	2.44	0.00		1.78	1.59	3.38	3.38	0.66	4.03	6.03	1.38
ascend		*	0.18	2.18	0.00	2.98	0.10	0.00	0.00	0.03		5.17	0.18	5.35	0.10	0.03	0.13	2.18	3.30
attack		2	2.81	0.00	0.00	1.66	2.16	0.13	0.00	1.44		1.66	2.81	4.47	2.16	1.56	3.72	0.13	8.06
attract		3	0.13	1.50	0.97	0.20	0.53	2.43	2.47	0.33		1.70	1.10	2.80	3.00	2.77	5.77	7.37	1.20
awe		1	1.10	0.67	0.13	1.93	0.77	0.10	0.23	0.30		2.60	1.23	3.83	1.00	0.40	1.40	1.13	4.10
balloon		2	0.56	3.13	0.31	2.13	0.41	0.09	0.13	0.00		5.25	0.88	6.13	0.53	0.09	0.63	3.66	3.09
banish		1	2.10	0.00	0.00	0.40	2.10	0.23	0.00	1.57		0.40	2.10	2.50	2.10	1.80	3.90	0.23	6.17
begin		3	0.93	0.40	0.37	0.80	2.53	0.17	0.67	0.90		1.20	1.30	2.50	3.20	1.07	4.27	1.60	5.17
believe		2	1.06	0.63	0.22	1.44	1.31	0.66	0.81	0.59		2.06	1.28	3.34	2.13	1.25	3.38	2.31	4.41
bless		1	2.77	0.13	0.10	1.07	1.47	0.00	0.00	0.93		1.20	2.87	4.07	1.47	0.93	2.40	0.23	6.23
block		2	0.72	0.97	0.34	0.31	1.72	1.00	0.94	1.50		1.28	1.06	2.34	2.66	2.50	5.16	3.25	4.25
bloom		1	0.13	1.93	0.00	2.67	0.40	0.00	0.13	0.20		4.60	0.13	4.73	0.53	0.20	0.73	2.07	3.40
blossom		3	0.17	2.60	0.00	2.30	0.43	0.03	0.20	0.13		4.90	0.17	5.07	0.63	0.17	0.80	2.83	3.03
bomb		3	3.69	0.00	0.00	0.21	0.83	0.00	0.00	0.31		0.21	3.69	3.90	0.83	0.31	1.14	0.00	5.03
boost		add	0.58	3.08	0.25	2.58	0.83	0.08	0.42	0.25		5.67	0.83	6.50	1.25	0.33	1.58	3.83	4.25
borrow		3	0.40	0.60	0.50	0.03	1.13	2.03	1.93	0.60		0.63	0.90	1.53	3.07	2.63	5.70	5.07	2.17
bounce		*	2.48	1.27	0.78	1.48	0.15	0.03	0.00	0.07		2.75	3.27	6.02	0.15	0.10	0.25	2.08	4.18
breathe		1	0.90	1.10	0.43	1.50	1.50	0.50	0.73	0.70		2.60	1.33	3.93	2.23	1.20	3.43	2.77	4.60
bring		2	0.56	0.31	0.31	0.19	1.63	1.13	1.53	1.31		0.50	0.88	1.38	3.16	2.44	5.59	3.28	3.69
burn		1	1.17	1.03	0.63	1.57	0.23	0.27	0.33	0.23		2.60	1.80	4.40	0.57	0.50	1.07	2.27	3.20
buy		3	0.93	0.53	0.10	1.07	1.17	1.77	1.37	0.53		1.60	1.03	2.63	2.53	2.30	4.83	3.77	3.70
carry		2	0.91	1.28	0.59	2.06	0.41	0.22	0.44	0.13		3.34	1.50	4.84	0.84	0.34	1.19	2.53	3.50
cascade		add	2.17	0.50	3.08	0.58	0.75	0.08	0.08	0.58		1.08	5.25	6.33	0.83	0.67	1.50	3.75	4.08
catch		3	0.53	0.40	1.83	1.07	0.90	0.80	0.97	0.50		1.47	2.37	3.83	1.87	1.30	3.17	4.00	3.00
chase		1	0.87	0.00	0.00	1.40	3.53	0.10	0.00	1.97		1.40	0.87	2.27	3.53	2.07	5.60	0.10	7.77
clamber		3	0.00	1.53	0.37	2.40	0.67	0.43	0.37	0.33		3.93	0.37	4.30	1.03	0.77	1.80	2.70	3.40
climb		*	0.10	1.60	0.00	3.45	0.20	0.00	0.00	0.00		5.05	0.10	5.15	0.20	0.00	0.20	1.60	3.75
collapse	add	2.33	0.08	3.67	0.25	0.50	0.50	0.50	0.58		0.33	6.00	6.33	1.00	1.08	2.08	4.75	3.67
collect		3	0.87	1.10	0.47	0.30	1.17	1.70	1.20	0.97		1.40	1.33	2.73	2.37	2.67	5.03	4.47	3.30
commend		1	1.40	0.13	0.00	1.93	1.33	0.20	0.00	0.50		2.07	1.40	3.47	1.33	0.70	2.03	0.33	5.17
compliment	2	0.72	0.00	0.13	1.53	2.88	0.09	0.06	1.69		1.53	0.84	2.38	2.94	1.78	4.72	0.28	6.81
condemn		2	0.04	0.00	0.00	0.06	0.04	0.01	0.00	0.02		0.06	0.04	0.14	0.04	0.02	0.06	0.01	0.16
confiscate	3	1.13	0.83	0.20	0.67	0.83	1.33	1.40	0.50		1.50	1.33	2.83	2.23	1.83	4.07	3.77	3.13
corrode		3	1.60	0.20	2.17	0.00	0.23	0.87	0.57	0.43		0.20	3.77	3.97	0.80	1.30	2.10	3.80	2.27
cough		3	0.63	0.27	0.50	0.60	2.33	0.67	0.67	1.33		0.87	1.13	2.00	3.00	2.00	5.00	2.10	4.90
cover		2	2.78	0.31	0.09	0.59	1.06	0.34	0.31	1.28		0.91	2.88	3.78	1.38	1.63	3.00	1.06	5.72
crave		1	1.20	0.00	0.10	2.27	1.93	0.20	0.23	0.97		2.27	1.30	3.57	2.17	1.17	3.33	0.53	6.37
crawl		2	0.22	0.13	0.19	0.34	3.13	0.44	1.09	1.38		0.47	0.41	0.88	4.22	1.81	6.03	1.84	5.06
cross		3	0.60	0.13	0.20	0.50	2.93	0.33	0.50	1.83		0.63	0.80	1.43	3.43	2.17	5.60	1.17	5.87
crumble		add	1.67	0.17	3.58	0.17	0.17	0.75	0.83	0.58		0.33	5.25	5.58	1.00	1.33	2.33	5.33	2.58
crush		3	3.93	0.00	0.00	0.30	0.80	0.00	0.00	0.77		0.30	3.93	4.23	0.80	0.77	1.57	0.00	5.80
cry		2	2.66	0.09	1.63	0.09	0.38	0.22	0.19	0.41		0.19	4.28	4.47	0.56	0.63	1.19	2.13	3.53
decay		1	2.37	0.10	2.97	0.00	0.10	0.43	0.10	0.27		0.10	5.33	5.43	0.20	0.70	0.90	3.60	2.73
decline		1	2.63	0.10	2.00	0.10	0.17	0.43	0.27	0.30		0.20	4.63	4.83	0.43	0.73	1.17	2.80	3.20
decrease	*	3.18	0.00	1.48	0.15	0.28	0.30	0.17	0.67		0.15	4.67	4.82	0.45	0.97	1.42	1.95	4.28
deflated	add	2.42	0.25	3.17	0.58	0.58	0.75	0.67	0.50		0.83	5.58	6.42	1.25	1.25	2.50	4.83	4.08
delight		1	0.70	0.87	0.10	2.37	0.87	0.10	0.67	0.40		3.23	0.80	4.03	1.53	0.50	2.03	1.73	4.33
deliver		3	1.93	0.13	0.13	1.13	2.90	0.17	0.33	1.73		1.27	2.07	3.33	3.23	1.90	5.13	0.77	7.70
demolish	2	3.69	0.09	0.00	0.31	0.88	0.03	0.13	0.84		0.41	3.69	4.09	1.00	0.88	1.88	0.25	5.72
deny		1	1.13	0.53	0.63	0.13	0.80	0.90	1.03	1.33		0.67	1.77	2.43	1.83	2.23	4.07	3.10	3.40
depart		*	0.58	1.02	0.83	0.55	1.53	1.00	1.58	0.92		1.57	1.42	2.98	3.12	1.92	5.03	4.43	3.58
deport		2	1.34	0.25	0.25	0.47	2.22	0.22	0.31	2.00		0.72	1.59	2.31	2.53	2.22	4.75	1.03	6.03
depreciate	*	2.96	0.10	1.23	0.00	0.15	0.26	0.19	0.33		0.10	4.19	4.29	0.34	0.58	0.92	1.77	3.44
depress		1	3.17	0.00	0.53	0.30	0.60	0.00	0.00	0.73		0.30	3.70	4.00	0.60	0.73	1.33	0.53	4.80
descend		*	3.31	0.11	1.64	0.17	0.13	0.00	0.05	0.08		0.28	4.95	5.23	0.17	0.08	0.25	1.80	3.69
desert		3	0.90	1.23	0.77	0.37	0.67	1.30	1.67	0.93		1.60	1.67	3.27	2.33	2.23	4.57	4.97	2.87
desire		1	1.07	0.00	0.00	1.93	2.20	0.80	0.33	1.60		1.93	1.07	3.00	2.53	2.40	4.93	1.13	6.80
despise		2	2.38	0.22	0.41	0.59	1.13	0.13	0.47	1.38		0.81	2.78	3.59	1.59	1.50	3.09	1.22	5.47
deteriorate	3	2.80	0.00	2.47	0.00	0.10	0.60	0.47	0.23		0.00	5.27	5.27	0.57	0.83	1.40	3.53	3.13
dig		1	3.70	0.00	0.10	0.43	0.33	0.00	0.00	0.17		0.43	3.80	4.23	0.33	0.17	0.50	0.10	4.63
diminish	*	2.60	0.34	1.28	0.25	0.53	0.20	0.18	0.90		0.59	3.87	4.46	0.71	1.10	1.81	1.99	4.28
disappoint	1	0.37	0.20	1.87	0.93	0.37	0.93	0.43	0.50		1.13	2.23	3.37	0.80	1.43	2.23	3.43	2.17
dismiss		2	2.28	0.19	0.09	0.41	1.88	0.31	0.28	1.91		0.59	2.38	2.97	2.16	2.22	4.38	0.88	6.47
distract	2	1.03	0.31	0.31	0.78	1.59	1.25	1.06	1.59		1.09	1.34	2.44	2.66	2.84	5.50	2.94	5.00
dive		add	3.00	0.17	3.17	0.17	1.00	0.17	0.33	0.83		0.33	6.17	6.50	1.33	1.00	2.33	3.83	5.00
drag		3	0.30	0.60	0.67	0.30	0.73	2.00	2.40	1.23		0.90	0.97	1.87	3.13	3.23	6.37	5.67	2.57
drain		1	1.90	0.40	1.73	0.40	0.20	0.33	0.17	0.33		0.80	3.63	4.43	0.37	0.67	1.03	2.63	2.83
dribble		add	1.25	0.08	1.17	0.08	2.58	0.50	1.00	1.50		0.17	2.42	2.58	3.58	2.00	5.58	2.75	5.42
drift		3	0.10	0.13	0.13	0.47	2.47	0.97	1.40	1.73		0.60	0.23	0.83	3.87	2.70	6.57	2.63	4.77
drink		3	1.37	0.97	1.03	0.67	0.63	1.13	0.87	0.40		1.63	2.40	4.03	1.50	1.53	3.03	4.00	3.07
drip		2	3.72	0.09	0.31	0.13	0.25	0.00	0.00	0.25		0.22	4.03	4.25	0.25	0.25	0.50	0.41	4.34
drop		*	3.73	0.00	1.42	0.00	0.00	0.00	0.00	0.05		0.00	5.15	5.15	0.00	0.05	0.05	1.42	3.78
dump		add	3.75	0.00	0.00	0.17	2.08	0.25	0.00	1.33		0.17	3.75	3.92	2.08	1.58	3.67	0.25	7.33
dwell		3	0.17	0.97	1.90	0.27	0.40	1.13	1.17	0.53		1.23	2.07	3.30	1.57	1.67	3.23	5.17	1.37
earn		1	0.47	0.87	1.00	0.70	0.87	1.40	1.10	0.57		1.57	1.47	3.03	1.97	1.97	3.93	4.37	2.60
eat		2	1.66	0.25	0.34	1.00	2.00	0.41	0.56	0.81		1.25	2.00	3.25	2.56	1.22	3.78	1.56	5.47
eject		3	2.07	0.00	0.10	2.10	2.10	0.13	0.00	1.50		2.10	2.17	4.27	2.10	1.63	3.73	0.23	7.77
elate		3	0.52	0.52	0.21	2.86	0.86	0.10	0.14	0.17		3.38	0.72	4.10	1.00	0.28	1.28	0.97	4.41
emerge		3	0.13	2.27	0.17	2.23	0.70	0.30	0.77	0.30		4.50	0.30	4.80	1.47	0.60	2.07	3.50	3.37
encourage	3	0.77	0.27	0.03	1.83	2.33	0.37	0.43	1.47		2.10	0.80	2.90	2.77	1.83	4.60	1.10	6.40
endure		3	0.10	1.07	1.60	0.53	1.13	1.27	2.07	0.23		1.60	1.70	3.30	3.20	1.50	4.70	6.00	2.00
enter		2	2.25	0.09	0.00	2.41	2.34	0.00	0.00	1.09		2.50	2.25	4.75	2.34	1.09	3.44	0.09	8.09
entice		1	0.30	0.97	0.63	0.43	0.63	2.17	1.60	0.57		1.40	0.93	2.33	2.23	2.73	4.97	5.37	1.93
erect		add	0.25	0.00	0.25	3.92	2.08	0.00	0.00	0.92		3.92	0.50	4.42	2.08	0.92	3.00	0.25	7.17
erode		2	1.56	0.22	2.00	0.22	0.47	0.81	1.00	0.75		0.44	3.56	4.00	1.47	1.56	3.03	4.03	3.00
escalate	add	0.75	2.67	0.17	3.08	0.67	0.08	0.08	0.25		5.75	0.92	6.67	0.75	0.33	1.08	3.00	4.75
escape		3	0.37	1.73	0.97	0.20	0.40	1.47	2.27	0.23		1.93	1.33	3.27	2.67	1.70	4.37	6.43	1.20
evict		1	1.43	0.00	0.13	0.43	2.63	0.10	0.00	2.03		0.43	1.57	2.00	2.63	2.13	4.77	0.23	6.53
evolve		1	0.27	0.87	0.63	1.67	1.50	0.33	0.60	0.10		2.53	0.90	3.43	2.10	0.43	2.53	2.43	3.53
exchange	2	0.91	0.00	0.00	0.78	2.56	0.28	0.31	2.34		0.78	0.91	1.69	2.88	2.63	5.50	0.59	6.59
exhale		1	1.83	0.27	0.20	0.97	2.37	0.10	0.17	0.90		1.23	2.03	3.27	2.53	1.00	3.53	0.73	6.07
exist		2	0.28	1.25	1.13	0.94	1.41	0.44	0.91	0.38		2.19	1.41	3.59	2.31	0.81	3.13	3.72	3.00
exit		1	0.27	1.13	1.63	0.23	0.23	1.50	2.00	0.17		1.37	1.90	3.27	2.23	1.67	3.90	6.27	0.90
expand		add	0.42	1.17	0.08	1.67	2.33	0.42	0.42	1.42		2.83	0.50	3.33	2.75	1.83	4.58	2.08	5.83
expel		2	1.75	0.00	0.09	0.88	2.09	0.00	0.13	2.09		0.88	1.84	2.72	2.22	2.09	4.31	0.22	6.81
fail		add	3.08	0.17	3.17	0.08	0.67	0.75	0.33	0.42		0.25	6.25	6.50	1.00	1.17	2.17	4.42	4.25
fall		3	3.43	0.00	2.67	0.00	0.00	0.00	0.00	0.00		0.00	6.10	6.10	0.00	0.00	0.00	2.67	3.43
fear		1	0.27	0.63	2.20	0.47	0.07	1.60	1.30	0.37		1.10	2.47	3.57	1.37	1.97	3.33	5.73	1.17
ferment		1	0.80	0.80	1.67	0.73	0.13	0.33	0.73	0.30		1.53	2.47	4.00	0.87	0.63	1.50	3.53	1.97
finish		3	2.57	0.00	0.00	0.60	1.90	0.13	0.23	1.13		0.60	2.57	3.17	2.13	1.27	3.40	0.37	6.20
flee		1	0.00	1.40	1.53	0.00	0.13	1.73	2.47	0.20		1.40	1.53	2.93	2.60	1.93	4.53	7.13	0.33
float		3	0.23	2.97	0.20	0.90	0.77	0.63	0.83	0.60		3.87	0.43	4.30	1.60	1.23	2.83	4.63	2.50
flourish	2	0.34	2.13	0.09	2.91	0.16	0.09	0.19	0.09		5.03	0.44	5.47	0.34	0.19	0.53	2.50	3.50
flower		2	0.47	1.66	0.03	2.78	0.41	0.09	0.38	0.13		4.44	0.50	4.94	0.78	0.22	1.00	2.16	3.78
fly		1	0.33	1.90	0.13	2.57	0.73	0.07	0.30	0.13		4.47	0.47	4.93	1.03	0.20	1.23	2.40	3.77
follow		3	1.47	0.00	0.00	1.60	2.87	0.40	0.33	1.97		1.60	1.47	3.07	3.20	2.37	5.57	0.73	7.90
frown		2	1.59	0.50	2.38	0.31	0.22	0.31	1.69	0.28		0.81	3.97	4.78	1.91	0.59	2.50	4.88	2.41
gain		2	0.88	1.41	0.75	0.66	1.03	1.13	0.88	0.69		2.06	1.63	3.69	1.91	1.81	3.72	4.16	3.25
gallop		1	0.43	0.37	0.13	0.90	2.77	0.13	0.83	0.93		1.27	0.57	1.83	3.60	1.07	4.67	1.47	5.03
germinate	3	0.40	1.33	0.23	2.37	0.83	0.10	0.40	0.27		3.70	0.63	4.33	1.23	0.37	1.60	2.07	3.87
give		2	1.06	0.13	0.06	1.56	2.94	0.19	0.06	1.47		1.69	1.13	2.81	3.00	1.66	4.66	0.44	7.03
glide		3	0.50	0.40	0.13	0.33	2.60	0.67	1.30	1.50		0.73	0.63	1.37	3.90	2.17	6.07	2.50	4.93
go		2	0.50	0.38	0.19	1.22	3.06	0.38	0.59	1.19		1.59	0.69	2.28	3.66	1.56	5.22	1.53	5.97
grab		2	1.44	0.00	0.25	1.28	2.38	0.41	0.38	1.59		1.28	1.69	2.97	2.75	2.00	4.75	1.03	6.69
grieve		1	1.87	0.10	0.53	0.37	0.77	0.47	0.27	0.87		0.47	2.40	2.87	1.03	1.33	2.37	1.37	3.87
grow		3	0.17	2.03	0.00	3.23	0.53	0.00	0.00	0.17		5.27	0.17	5.43	0.53	0.17	0.70	2.03	4.10
guide		3	0.77	0.97	0.67	0.73	1.93	1.13	1.20	1.00		1.70	1.43	3.13	3.13	2.13	5.27	3.97	4.43
hang		*	1.90	0.48	1.32	1.22	0.05	0.00	0.00	0.00		1.70	3.22	4.92	0.05	0.00	0.05	1.80	3.17
haul		2	0.56	0.97	0.25	0.63	0.84	1.59	1.56	0.69		1.59	0.81	2.41	2.41	2.28	4.69	4.38	2.72
heighten	add	0.50	0.50	0.25	3.58	1.08	0.00	0.00	0.33		4.08	0.75	4.83	1.08	0.33	1.42	0.75	5.50
hike		2	0.38	1.31	0.00	2.09	1.53	0.13	0.59	0.66		3.41	0.38	3.78	2.13	0.78	2.91	2.03	4.66
hoist		2	0.63	1.69	0.50	2.03	0.00	0.22	0.13	0.19		3.72	1.13	4.84	0.13	0.41	0.53	2.53	2.84
hold		1	1.37	0.37	0.00	1.97	1.47	0.33	0.47	0.67		2.33	1.37	3.70	1.93	1.00	2.93	1.17	5.47
honour		2	0.66	0.38	0.00	2.94	1.41	0.00	0.00	0.84		3.31	0.66	3.97	1.41	0.84	2.25	0.38	5.84
hop		3	0.50	1.87	0.40	2.37	0.80	0.00	0.30	0.27		4.23	0.90	5.13	1.10	0.27	1.37	2.57	3.93
hope		*	0.41	1.12	0.16	2.84	0.82	0.18	0.33	0.38		3.96	0.57	4.53	1.15	0.56	1.71	1.79	4.45
humble		3	2.73	0.20	0.13	0.53	0.57	0.23	0.13	0.83		0.73	2.87	3.60	0.70	1.07	1.77	0.70	4.67
humiliate	3	3.07	0.20	0.00	0.53	1.23	0.17	0.13	1.27		0.73	3.07	3.80	1.37	1.43	2.80	0.50	6.10
hunt		1	1.30	0.00	0.00	0.67	3.03	0.00	0.00	1.83		0.67	1.30	1.97	3.03	1.83	4.87	0.00	6.83
hurry		3	0.67	0.20	0.37	0.73	2.77	0.67	1.30	1.33		0.93	1.03	1.97	4.07	2.00	6.07	2.53	5.50
idolize		3	0.47	0.13	0.17	3.23	1.00	0.33	0.27	0.63		3.37	0.63	4.00	1.27	0.97	2.23	0.90	5.33
impact		3	1.80	0.13	0.07	0.97	2.83	0.47	0.27	2.10		1.10	1.87	2.97	3.10	2.57	5.67	0.93	7.70
impress		3	0.73	1.63	0.03	1.10	0.93	0.63	0.70	0.57		2.73	0.77	3.50	1.63	1.20	2.83	3.00	3.33
increase	*	0.31	0.96	0.11	3.19	1.08	0.02	0.17	0.34		4.15	0.42	4.57	1.25	0.35	1.61	1.26	4.92
inflate		add	0.58	0.00	0.00	2.83	2.67	0.00	0.00	1.50		2.83	0.58	3.42	2.67	1.50	4.17	0.00	7.58
inhale		*	0.44	1.82	0.91	0.66	0.41	1.41	1.03	0.29		2.48	1.35	3.83	1.44	1.71	3.14	5.17	1.80
inherit		2	0.72	0.69	1.72	0.38	0.66	1.09	1.81	0.38		1.06	2.44	3.50	2.47	1.47	3.94	5.31	2.13
inject		1	2.60	0.00	0.00	1.07	2.43	0.00	0.00	1.13		1.07	2.60	3.67	2.43	1.13	3.57	0.00	7.23
inspire		2	0.88	1.38	0.34	2.00	1.22	0.13	0.31	0.69		3.38	1.22	4.59	1.53	0.81	2.34	2.16	4.78
insult		3	2.53	0.03	0.07	0.73	1.67	0.33	0.40	1.50		0.77	2.60	3.37	2.07	1.83	3.90	0.83	6.43
jog		3	0.23	0.37	0.00	0.60	2.80	0.40	0.80	1.77		0.97	0.23	1.20	3.60	2.17	5.77	1.57	5.40
jump		3	0.83	2.30	0.43	2.70	0.10	0.00	0.23	0.07		5.00	1.27	6.27	0.33	0.07	0.40	2.97	3.70
kick		2	1.88	0.00	0.09	0.84	2.72	0.00	0.09	1.88		0.84	1.97	2.81	2.81	1.88	4.69	0.19	7.31
know		3	0.77	0.00	0.07	0.87	3.17	0.07	0.17	2.77		0.87	0.83	1.70	3.33	2.83	6.17	0.30	7.57
lapse		add	1.92	0.08	2.00	0.08	0.25	1.92	1.42	0.50		0.17	3.92	4.08	1.67	2.42	4.08	5.42	2.75
laugh		1	0.33	1.33	0.00	1.53	1.93	0.10	0.00	0.77		2.87	0.33	3.20	1.93	0.87	2.80	1.43	4.57
launch		add	0.67	0.00	0.00	4.00	1.42	0.00	0.00	0.75		4.00	0.67	4.67	1.42	0.75	2.17	0.00	6.83
lead		2	0.25	1.16	0.84	0.25	0.34	1.78	2.91	0.44		1.41	1.09	2.50	3.25	2.22	5.47	6.69	1.28
leap		1	0.30	1.97	0.13	2.73	0.93	0.10	0.20	0.10		4.70	0.43	5.13	1.13	0.20	1.33	2.40	4.07
leave		1	0.33	1.47	1.27	0.00	0.23	1.73	2.03	0.23		1.47	1.60	3.07	2.27	1.97	4.23	6.50	0.80
lend		2	1.56	0.00	0.00	0.84	3.19	0.13	0.19	1.81		0.84	1.56	2.41	3.38	1.94	5.31	0.31	7.41
lift		3	0.50	0.97	0.00	3.30	0.10	0.00	0.00	0.00		4.27	0.50	4.77	0.10	0.00	0.10	0.97	3.90
like		2	0.88	0.00	0.06	0.97	3.09	0.41	0.41	2.06		0.97	0.94	1.91	3.50	2.47	5.97	0.88	7.00
linger		3	0.40	0.87	0.77	0.33	0.30	1.57	1.70	0.63		1.20	1.17	2.37	2.00	2.20	4.20	4.90	1.67
live		1	0.33	1.27	0.13	1.60	1.70	0.07	0.43	0.80		2.87	0.47	3.33	2.13	0.87	3.00	1.90	4.43
loan		2	1.44	0.09	0.00	0.56	2.97	0.19	0.13	1.75		0.66	1.44	2.09	3.09	1.94	5.03	0.41	6.72
lower		2	3.50	0.31	0.78	0.31	0.00	0.13	0.06	0.09		0.63	4.28	4.91	0.06	0.22	0.28	1.28	3.91
make		3	2.50	0.03	0.07	0.97	2.97	0.00	0.00	1.17		1.00	2.57	3.57	2.97	1.17	4.13	0.10	7.60
march		3	0.53	0.53	0.23	0.53	3.20	0.40	1.13	1.43		1.07	0.77	1.83	4.33	1.83	6.17	2.30	5.70
mesmerize	1	0.57	1.63	0.50	0.73	0.67	0.73	0.90	0.87		2.37	1.07	3.43	1.57	1.60	3.17	3.77	2.83
mine		1	3.83	0.13	0.10	0.63	0.53	0.03	0.13	0.43		0.77	3.93	4.70	0.67	0.47	1.13	0.40	5.43
mock		3	2.63	0.10	0.17	0.63	1.97	0.00	0.00	1.70		0.73	2.80	3.53	1.97	1.70	3.67	0.27	6.93
move		*	1.28	0.35	0.27	1.36	2.89	0.49	0.79	1.80		1.72	1.56	3.27	3.68	2.29	5.98	1.91	7.34
need		1	1.07	0.10	0.30	1.70	2.13	0.27	0.43	1.40		1.80	1.37	3.17	2.57	1.67	4.23	1.10	6.30
obey		1	0.10	0.83	2.57	1.10	0.47	0.70	1.00	0.37		1.93	2.67	4.60	1.47	1.07	2.53	5.10	2.03
offend		3	1.83	0.07	0.10	0.97	1.90	0.30	0.40	1.73		1.03	1.93	2.97	2.30	2.03	4.33	0.87	6.43
offer		2	1.16	0.09	0.00	1.38	3.06	0.00	0.13	1.72		1.47	1.16	2.63	3.19	1.72	4.91	0.22	7.31
owe		3	0.50	0.27	0.47	1.67	1.80	0.30	0.43	1.90		1.93	0.97	2.90	2.23	2.20	4.43	1.47	5.87
own		3	2.20	0.83	0.40	0.50	1.37	0.93	1.00	0.83		1.33	2.60	3.93	2.37	1.77	4.13	3.17	4.90
perch		2	1.13	2.47	0.25	0.28	0.38	0.38	0.75	0.09		2.75	1.38	4.13	1.13	0.47	1.59	3.84	1.88
persist		3	0.27	0.97	0.30	0.67	1.83	0.63	1.30	0.93		1.63	0.57	2.20	3.13	1.57	4.70	3.20	3.70
pile		1	3.07	0.37	0.00	0.60	0.67	0.07	0.13	0.37		0.97	3.07	4.03	0.80	0.43	1.23	0.57	4.70
pity		2	3.09	0.00	0.13	0.59	0.97	0.13	0.09	1.25		0.59	3.22	3.81	1.06	1.38	2.44	0.34	5.91
plummet		2	3.56	0.16	2.72	0.16	0.00	0.09	0.00	0.00		0.31	6.28	6.59	0.00	0.09	0.09	2.97	3.72
plunge		2	3.22	0.13	2.91	0.06	0.00	0.06	0.22	0.00		0.19	6.13	6.31	0.22	0.06	0.28	3.31	3.28
point		2	1.88	0.00	0.00	1.50	2.91	0.00	0.13	2.31		1.50	1.88	3.38	3.03	2.31	5.34	0.13	8.59
pour		3	3.63	0.00	0.13	0.10	0.93	0.00	0.00	0.40		0.10	3.77	3.87	0.93	0.40	1.33	0.13	5.07
praise		3	0.37	0.13	0.00	2.80	2.03	0.00	0.00	0.97		2.93	0.37	3.30	2.03	0.97	3.00	0.13	6.17
prevail		1	0.53	1.90	0.53	1.17	0.97	0.30	0.57	0.10		3.07	1.07	4.13	1.53	0.40	1.93	3.30	2.77
procure		1	0.83	0.37	0.27	0.77	1.80	0.70	0.27	1.30		1.13	1.10	2.23	2.07	2.00	4.07	1.60	4.70
promise		1	1.10	0.00	0.13	1.67	2.50	0.00	0.00	1.50		1.67	1.23	2.90	2.50	1.50	4.00	0.13	6.77
provoke		3	1.50	0.40	0.33	1.00	1.93	0.57	0.73	1.53		1.40	1.83	3.23	2.67	2.10	4.77	2.03	5.97
pull		2	0.47	1.56	1.19	0.34	0.59	1.72	1.88	0.66		1.91	1.66	3.56	2.47	2.38	4.84	6.34	2.06
punish		1	3.67	0.00	0.00	0.67	1.37	0.00	0.00	1.53		0.67	3.67	4.33	1.37	1.53	2.90	0.00	7.23
pursue		2	1.59	0.00	0.13	1.78	2.97	0.00	0.09	1.91		1.78	1.72	3.50	3.06	1.91	4.97	0.22	8.25
push		1	1.33	0.00	0.00	1.07	3.33	0.00	0.13	2.03		1.07	1.33	2.40	3.47	2.03	5.50	0.13	7.77
quit		3	0.73	0.93	1.27	0.27	0.63	1.30	1.73	0.83		1.20	2.00	3.20	2.37	2.13	4.50	5.23	2.47
race		1	0.13	0.27	0.17	0.40	3.53	0.10	0.87	0.60		0.67	0.30	0.97	4.40	0.70	5.10	1.40	4.67
raise		2	0.00	1.28	0.22	3.56	0.09	0.00	0.00	0.00		4.84	0.22	5.06	0.09	0.00	0.09	1.50	3.66
recede		2	0.34	0.13	0.91	0.25	0.78	1.78	0.75	1.63		0.38	1.25	1.63	1.53	3.41	4.94	3.56	3.00
receive		1	0.40	1.07	1.27	0.40	0.37	2.23	1.53	0.10		1.47	1.67	3.13	1.90	2.33	4.23	6.10	1.27
regret		3	1.43	0.40	0.50	0.97	0.70	0.57	0.33	0.83		1.37	1.93	3.30	1.03	1.40	2.43	1.80	3.93
rejoice		3	0.13	2.30	0.00	2.83	0.27	0.10	0.13	0.07		5.13	0.13	5.27	0.40	0.17	0.57	2.53	3.30
remain		2	0.44	0.97	2.19	0.25	0.44	0.66	1.31	0.44		1.22	2.63	3.84	1.75	1.09	2.84	5.13	1.56
remove		2	1.56	0.56	0.41	0.97	1.97	0.25	0.34	2.00		1.53	1.97	3.50	2.31	2.25	4.56	1.56	6.50
repel		2	1.50	0.13	0.41	1.31	2.22	0.31	0.50	2.00		1.44	1.91	3.34	2.72	2.31	5.03	1.34	7.03
report		2	1.69	0.13	0.13	0.94	2.25	0.25	0.53	1.53		1.06	1.81	2.88	2.78	1.78	4.56	1.03	6.41
reside		2	0.78	0.78	1.25	0.44	0.69	1.28	1.88	0.28		1.22	2.03	3.25	2.56	1.56	4.13	5.19	2.19
respect		1	0.17	0.13	0.40	2.83	0.93	0.37	0.03	1.10		2.97	0.57	3.53	0.97	1.47	2.43	0.93	5.03
rest		1	2.50	0.23	0.37	0.33	1.10	0.17	0.07	1.00		0.57	2.87	3.43	1.17	1.17	2.33	0.83	4.93
retrieve	1	1.37	0.50	0.40	0.53	1.03	0.97	0.80	1.23		1.03	1.77	2.80	1.83	2.20	4.03	2.67	4.17
return		1	0.63	0.80	0.53	0.23	0.80	1.73	0.63	1.83		1.03	1.17	2.20	1.43	3.57	5.00	3.70	3.50
revere		2	0.53	0.31	0.22	1.97	1.44	0.09	0.25	0.81		2.28	0.75	3.03	1.69	0.91	2.59	0.88	4.75
reward		1	2.33	0.20	0.03	1.77	2.47	0.07	0.10	1.00		1.97	2.37	4.33	2.57	1.07	3.63	0.40	7.57
rise		2	0.00	3.09	0.00	3.25	0.00	0.00	0.00	0.00		6.34	0.00	6.34	0.00	0.00	0.00	3.09	3.25
roam		1	0.57	0.00	0.33	1.13	2.47	0.77	0.93	1.67		1.13	0.90	2.03	3.40	2.43	5.83	2.03	5.83
rob		1	0.97	0.23	0.53	0.63	1.57	1.03	0.83	1.33		0.87	1.50	2.37	2.40	2.37	4.77	2.63	4.50
roll		1	0.53	0.00	0.67	0.10	2.37	1.20	2.33	0.70		0.10	1.20	1.30	4.70	1.90	6.60	4.20	3.70
rot		1	1.87	0.33	2.53	0.00	0.07	0.73	0.47	0.13		0.33	4.40	4.73	0.53	0.87	1.40	4.07	2.07
run		2	0.63	0.19	0.22	0.69	3.09	0.34	1.19	1.19		0.88	0.84	1.72	4.28	1.53	5.81	1.94	5.59
rush		1	0.67	0.27	0.23	0.60	3.33	0.33	0.87	1.07		0.87	0.90	1.77	4.20	1.40	5.60	1.70	5.67
rust		3	0.83	0.30	1.97	0.13	0.27	0.70	0.90	0.60		0.43	2.80	3.23	1.17	1.30	2.47	3.87	1.83
sadden		3	2.57	0.10	0.50	0.53	1.37	0.33	0.00	1.03		0.63	3.07	3.70	1.37	1.37	2.73	0.93	5.50
say		1	1.13	0.13	0.00	0.50	2.93	0.00	0.00	0.87		0.63	1.13	1.77	2.93	0.87	3.80	0.13	5.43
scare		2	1.97	0.00	0.06	1.28	2.13	0.13	0.00	1.72		1.28	2.03	3.31	2.13	1.84	3.97	0.19	7.09
see		3	1.97	0.20	0.10	1.67	2.93	0.07	0.03	1.80		1.87	2.07	3.93	2.97	1.87	4.83	0.40	8.37
sell		1	1.30	0.10	0.00	0.33	3.17	0.00	0.07	1.07		0.43	1.30	1.73	3.23	1.07	4.30	0.17	5.87
send		3	1.43	0.00	0.00	1.30	3.33	0.00	0.00	1.97		1.30	1.43	2.73	3.33	1.97	5.30	0.00	8.03
shame		2	2.53	0.28	0.03	1.00	1.00	0.31	0.19	1.28		1.28	2.56	3.84	1.19	1.59	2.78	0.81	5.81
show		1	1.10	0.13	0.27	0.87	2.73	0.30	0.13	1.60		1.00	1.37	2.37	2.87	1.90	4.77	0.83	6.30
sink		*	3.43	0.10	1.78	0.14	0.13	0.00	0.00	0.11		0.24	5.21	5.45	0.13	0.11	0.24	1.88	3.82
skip		3	0.20	0.97	0.17	1.37	1.97	0.40	0.90	0.77		2.33	0.37	2.70	2.87	1.17	4.03	2.43	4.30
sleep		2	0.63	0.75	1.63	0.22	0.88	1.19	0.97	0.75		0.97	2.25	3.22	1.84	1.94	3.78	4.53	2.47
slide		*	0.78	0.08	0.34	0.21	2.57	0.64	1.25	1.57		0.29	1.12	1.40	3.82	2.22	6.03	2.32	5.12
slip		1	1.83	0.10	1.43	0.00	1.03	0.37	1.10	0.40		0.10	3.27	3.37	2.13	0.77	2.90	3.00	3.27
slope		add	0.75	0.08	0.58	0.33	2.50	1.50	1.50	1.00		0.42	1.33	1.75	4.00	2.50	6.50	3.67	4.58
slump		add	2.67	0.08	3.17	0.08	0.17	0.75	0.83	0.17		0.17	5.83	6.00	1.00	0.92	1.92	4.83	3.08
smash		2	3.34	0.00	0.00	1.03	1.47	0.13	0.09	0.97		1.03	3.34	4.38	1.56	1.09	2.66	0.22	6.81
smile		3	0.13	2.07	0.13	1.43	0.90	0.20	0.33	0.33		3.50	0.27	3.77	1.23	0.53	1.77	2.73	2.80
snatch		1	1.00	0.43	0.03	0.80	1.83	0.83	0.40	1.50		1.23	1.03	2.27	2.23	2.33	4.57	1.70	5.13
sneeze		3	0.83	0.17	0.00	0.73	2.90	0.17	0.27	1.57		0.90	0.83	1.73	3.17	1.73	4.90	0.60	6.03
soar		2	0.22	2.94	0.09	2.63	0.69	0.16	0.16	0.25		5.56	0.31	5.88	0.84	0.41	1.25	3.34	3.78
speak		2	0.63	0.53	0.31	1.56	2.34	0.13	0.31	1.09		2.09	0.94	3.03	2.66	1.22	3.88	1.28	5.63
spring		add	0.67	2.33	0.08	2.17	1.17	0.08	0.50	0.42		4.50	0.75	5.25	1.67	0.50	2.17	3.00	4.42
sprout		1	0.27	1.20	0.00	3.37	0.60	0.00	0.10	0.30		4.57	0.27	4.83	0.70	0.30	1.00	1.30	4.53
stack		2	1.41	0.09	0.44	2.63	0.91	0.00	0.16	0.56		2.72	1.84	4.56	1.06	0.56	1.63	0.69	5.50
stagger		1	0.43	0.33	0.83	0.17	1.70	0.93	1.43	0.97		0.50	1.27	1.77	3.13	1.90	5.03	3.53	3.27
stagnate	1	0.67	0.33	1.70	0.00	0.27	1.27	1.17	0.23		0.33	2.37	2.70	1.43	1.50	2.93	4.47	1.17
start		2	0.91	0.31	0.00	1.66	2.75	0.22	0.50	0.97		1.97	0.91	2.88	3.25	1.19	4.44	1.03	6.28
stay		3	0.00	1.60	1.90	0.10	0.00	1.77	1.57	0.20		1.70	1.90	3.60	1.57	1.97	3.53	6.83	0.30
stop		*	0.80	0.85	0.91	0.36	1.14	1.50	1.34	1.25		1.21	1.71	2.92	2.48	2.75	5.23	4.60	3.56
support		2	0.84	0.47	0.44	2.91	1.06	0.00	0.06	0.66		3.38	1.28	4.66	1.13	0.66	1.78	0.97	5.47
surge		2	0.56	1.38	0.25	2.16	1.31	0.16	0.88	0.56		3.53	0.81	4.34	2.19	0.72	2.91	2.66	4.59
survive		2	0.19	1.59	0.78	1.50	0.69	0.13	0.84	0.44		3.09	0.97	4.06	1.53	0.56	2.09	3.34	2.81
swap		1	0.80	0.27	0.33	0.37	2.20	1.07	0.77	1.50		0.63	1.13	1.77	2.97	2.57	5.53	2.43	4.87
sweat		1	1.47	0.40	1.00	1.00	0.93	0.10	0.23	0.37		1.40	2.47	3.87	1.17	0.47	1.63	1.73	3.77
sweep		2	0.84	0.28	0.56	0.31	2.63	0.31	0.75	1.53		0.59	1.41	2.00	3.38	1.84	5.22	1.91	5.31
swell		2	0.63	1.22	0.31	2.13	1.34	0.22	0.72	0.75		3.34	0.94	4.28	2.06	0.97	3.03	2.47	4.84
swim		1	0.57	0.27	0.37	0.83	3.37	0.63	0.83	1.40		1.10	0.93	2.03	4.20	2.03	6.23	2.10	6.17
swing		2	0.47	0.22	1.22	0.94	1.31	0.81	1.00	1.03		1.16	1.69	2.84	2.31	1.84	4.16	3.25	3.75
take		2	1.25	0.94	0.38	0.91	1.47	1.38	1.09	1.00		1.84	1.63	3.47	2.56	2.38	4.94	3.78	4.63
tarnish		2	1.88	0.16	1.44	0.16	0.38	1.00	0.66	0.81		0.31	3.31	3.63	1.03	1.81	2.84	3.25	3.22
tease		3	2.33	0.13	0.00	0.80	2.03	0.30	0.23	1.97		0.93	2.33	3.27	2.27	2.27	4.53	0.67	7.13
tempt		3	0.47	0.87	0.77	0.73	1.03	1.10	1.17	1.17		1.60	1.23	2.83	2.20	2.27	4.47	3.90	3.40
thank		1	0.83	0.10	0.00	0.83	2.83	0.00	0.13	1.87		0.93	0.83	1.77	2.97	1.87	4.83	0.23	6.37
think		3	0.77	0.17	0.20	2.40	1.73	0.40	0.43	0.63		2.57	0.97	3.53	2.17	1.03	3.20	1.20	5.53
thrive		2	0.09	1.91	0.00	2.53	1.13	0.22	0.53	0.34		4.44	0.09	4.53	1.66	0.56	2.22	2.66	4.09
tow		2	0.47	1.28	0.56	0.03	0.44	1.38	2.03	0.88		1.31	1.03	2.34	2.47	2.25	4.72	5.25	1.81
tower		add	1.17	3.42	0.25	2.25	0.33	0.08	0.08	0.17		5.67	1.42	7.08	0.42	0.25	0.67	3.83	3.92
trade		2	1.47	0.00	0.13	0.84	2.94	0.28	0.25	2.09		0.84	1.59	2.44	3.19	2.38	5.56	0.66	7.34
transfer	2	0.94	0.16	0.19	0.63	3.06	0.34	0.28	2.25		0.78	1.13	1.91	3.34	2.59	5.94	0.97	6.88
travel		1	0.97	0.10	0.10	1.10	3.57	0.37	0.53	1.80		1.20	1.07	2.27	4.10	2.17	6.27	1.10	7.43
tremble		1	0.37	0.50	1.57	0.20	0.20	1.33	1.33	0.60		0.70	1.93	2.63	1.53	1.93	3.47	4.73	1.37
trust		2	0.91	0.13	0.00	0.88	2.75	0.63	0.63	1.41		1.00	0.91	1.91	3.38	2.03	5.41	1.38	5.94
try		3	0.90	0.37	0.23	0.67	2.20	0.60	0.53	1.37		1.03	1.13	2.17	2.73	1.97	4.70	1.73	5.13
tug		2	0.44	1.09	1.16	0.38	1.00	1.22	1.56	1.09		1.47	1.59	3.06	2.56	2.31	4.88	5.03	2.91
tumble		2	2.53	0.00	3.09	0.06	0.06	0.25	0.56	0.00		0.06	5.63	5.69	0.63	0.25	0.88	3.91	2.66
tunnel		1	2.53	0.40	0.97	0.70	1.50	0.43	0.60	0.57		1.10	3.50	4.60	2.10	1.00	3.10	2.40	5.30
use		3	1.90	0.67	0.03	0.40	1.57	0.97	0.43	1.20		1.07	1.93	3.00	2.00	2.17	4.17	2.10	5.07
vault		1	1.17	1.10	0.00	1.00	1.10	0.00	0.00	0.67		2.10	1.17	3.27	1.10	0.67	1.77	1.10	3.93
wade		1	0.43	0.27	0.87	0.30	2.10	0.20	0.47	1.30		0.57	1.30	1.87	2.57	1.50	4.07	1.80	4.13
wait		1	0.17	0.73	1.33	0.00	0.37	1.40	1.93	0.07		0.73	1.50	2.23	2.30	1.47	3.77	5.40	0.60
walk		3	1.03	0.07	0.03	0.93	3.45	0.48	1.00	1.93		1.00	1.07	2.07	4.45	2.41	6.86	1.59	7.34
wander		2	0.69	0.09	0.25	0.91	2.72	0.66	0.63	1.97		1.00	0.94	1.94	3.34	2.63	5.97	1.63	6.28
want		1	1.10	0.23	0.23	1.83	2.37	0.37	0.00	1.13		2.07	1.33	3.40	2.37	1.50	3.87	0.83	6.43
warn		1	1.80	0.13	0.00	0.80	1.80	0.10	0.13	2.13		0.93	1.80	2.73	1.93	2.23	4.17	0.37	6.53
wash		3	2.10	0.00	0.13	0.30	2.83	0.00	0.00	1.97		0.30	2.23	2.53	2.83	1.97	4.80	0.13	7.20
watch		3	1.90	0.00	0.00	1.40	3.07	0.13	0.00	1.90		1.40	1.90	3.30	3.07	2.03	5.10	0.13	8.27
welcome		1	0.23	0.97	0.53	0.57	1.77	1.40	0.77	0.67		1.53	0.77	2.30	2.53	2.07	4.60	3.67	3.23
wilt		3	2.17	0.00	1.97	0.00	0.23	0.57	0.43	0.30		0.00	4.13	4.13	0.67	0.87	1.53	2.97	2.70
wither		3	2.37	0.00	2.13	0.40	0.10	0.33	0.33	0.50		0.40	4.50	4.90	0.43	0.83	1.27	2.80	3.37
worry		3	1.50	0.04	0.21	0.57	2.00	0.39	0.36	1.86		0.61	1.71	2.32	2.36	2.25	4.61	1.00	5.93
worship		1	0.27	0.00	0.07	3.67	0.80	0.03	0.00	0.53		3.67	0.33	4.00	0.80	0.57	1.37	0.10	5.27
yank		1	0.63	0.43	1.03	0.17	1.13	1.23	1.20	0.73		0.60	1.67	2.27	2.33	1.97	4.30	3.90	2.67
